26.8688  25.9529  24.9329  23.942  22.9486  21.94  20.9173  19.8888  18.866  17.8671  16.9201  16.0576  15.3091  14.7  14.2469  13.9505  13.7919  13.7363  13.7388  13.7527  13.7364  13.6591  13.5056  13.2781  12.9959  12.6915  12.3722  12.0889  11.8919  11.7298  11.5982  
26.8688  26.0327  25.0828  24.1433  23.1765  22.1663  21.114  20.0316  18.9373  17.858  16.8318  15.901  15.1035  14.4709  14.0225  13.7586  13.6563  13.6737  13.7569  13.8493  13.8995  13.8687  13.7356  13.5002  13.1826  12.8197  12.4261  12.0617  11.7872  11.5604  11.3851  
26.8971  26.0963  25.1696  24.2464  23.286  22.271  21.2029  20.0954  18.9695  17.8556  16.7958  15.836  15.0176  14.3748  13.9289  13.6797  13.603  13.6534  13.7729  13.9002  13.9795  13.9682  13.8429  13.6025  13.2684  12.8797  12.4546  12.0571  11.7518  11.5007  11.306  
26.9545  26.14  25.186  24.2408  23.265  22.2419  21.1733  20.0723  18.9586  17.8605  16.817  15.8712  15.0627  14.4246  13.9783  13.7245  13.6396  13.6791  13.7861  13.9005  13.9677  13.9465  13.815  13.5732  13.2432  12.8646  12.4549  12.0766  11.7918  11.5606  11.3731  
27.0306  26.1551  25.1272  24.1254  23.115  22.082  21.0285  19.9652  18.9061  17.8718  16.8923  16.0018  15.2326  14.6133  14.1641  13.8866  13.7606  13.7466  13.7938  13.8489  13.8644  13.8054  13.6546  13.4151  13.1097  12.7758  12.4264  12.1168  11.9009  11.7306  11.5761  
27.1144  26.1383  24.9999  23.9143  22.8545  21.8114  20.7871  19.7877  18.8187  17.8883  17.0126  16.2116  15.506  14.9174  14.4628  14.1455  13.9506  13.8468  13.7941  13.7508  13.6813  13.5609  13.3802  13.1466  12.883  12.623  12.3712  12.1713  12.064  11.9878  11.8881  
27.1955  26.0914  24.8198  23.6337  22.5164  21.4641  20.4793  19.5624  18.7077  17.9085  17.1632  16.4747  15.8493  15.2991  14.8373  14.469  14.1857  13.967  13.7864  13.6178  13.4403  13.2427  13.025  12.8  12.5904  12.4241  12.2952  12.2326  12.2601  12.2994  12.2694  
27.2642  26.0207  24.6097  23.319  22.1429  21.0837  20.1439  19.3176  18.5874  17.9302  17.3258  16.7588  16.2202  15.7115  15.2415  14.8171  14.4367  14.092  13.7714  13.4657  13.1707  12.8893  12.6322  12.4174  12.2672  12.203  12.207  12.2921  12.4642  12.6261  12.6722  
27.3123  25.9351  24.3961  23.0097  21.7808  20.7178  19.8229  19.0843  18.4731  17.9511  17.4806  17.029  16.5728  16.1034  15.6253  15.1465  14.6725  14.2061  13.7506  13.3131  12.9052  12.5438  12.2495  12.0452  11.9524  11.986  12.1166  12.3417  12.6503  12.9266  13.0458  
27.3339  25.8454  24.2057  22.7444  21.4756  20.4123  19.5566  18.8917  18.3795  17.969  17.6087  17.2521  16.8637  16.4265  15.9411  15.4164  14.8635  14.2948  13.726  13.1779  12.6758  12.248  11.9233  11.7284  11.6839  11.7989  12.0341  12.3742  12.7945  13.1628  13.3429  
27.3257  25.7619  24.0617  22.556  21.2652  20.2055  19.3786  18.7645  18.3186  17.982  17.6944  17.4004  17.0568  16.6407  16.1497  15.5931  14.9857  14.3465  13.6999  13.0762  12.5099  12.0373  11.6927  11.505  11.4937  11.6636  11.9684  12.3842  12.8776  13.3037  13.5253  
27.2871  25.6933  23.9812  22.4677  21.176  20.1234  19.3116  18.7188  18.2985  17.9891  17.7274  17.4557  17.128  16.7192  16.2248  15.6542  15.0232  14.3539  13.6744  13.0191  12.4267  11.9364  11.5848  11.4011  11.4039  11.5954  11.926  12.3688  12.8875  13.3298  13.568  
27.2205  25.6458  23.9727  22.4896  21.2188  20.1766  19.3644  18.7612  18.3224  17.9895  17.7037  17.4109  17.0683  16.6517  16.1566  15.5912  14.9705  14.3149  13.6512  13.0122  12.4346  11.9561  11.6111  11.4279  11.4238  11.6009  11.9105  12.328  12.8208  13.235  13.4632  
27.1308  25.622  24.0352  22.6181  21.3882  20.3589  19.5313  18.8872  18.3879  17.9837  17.6261  17.2713  16.8844  16.4459  15.9527  15.4112  14.8329  14.233  13.6317  13.0545  12.5309  12.0918  11.7666  11.5802  11.5493  11.6778  11.9217  12.2644  12.6831  13.0278  13.2206  
27.0255  25.6211  24.1586  22.8359  21.6627  20.6478  19.7921  19.0817  18.4874  17.9727  17.5043  17.0538  16.5986  16.1267  15.6374  15.1352  14.6261  14.1167  13.6164  13.1388  12.7015  12.3246  12.0298  11.8373  11.7629  11.8145  11.9562  12.1836  12.4887  12.7303  12.8665  
26.9134  25.6391  24.3251  23.1148  22.008  21.0079  20.1151  19.3216  18.6094  17.9581  17.3532  16.7849  16.2456  15.7327  15.2488  14.7964  14.3744  13.9788  13.6054  13.2527  12.9231  12.6238  12.3663  12.1654  12.0365  11.9924  12.0077  12.0931  12.2587  12.3755  12.4411  
26.8047  25.67  24.5115  23.4187  22.3808  21.3947  20.461  19.5778  18.7392  17.9419  17.1915  16.4975  15.8683  15.3118  14.8341  14.4355  14.1077  13.8349  13.5984  13.3801  13.1665  12.9503  12.7326  12.5223  12.3345  12.1877  12.0678  12.0019  12.0191  12.004  11.9938  
26.7097  25.707  24.693  23.7091  22.7345  21.7605  20.7873  19.819  18.8611  17.9265  17.039  16.2267  15.5131  14.9155  14.4439  14.0965  13.8579  13.7016  13.5948  13.5039  13.3999  13.2623  13.0819  12.8623  12.6188  12.375  12.1277  11.9195  11.7972  11.659  11.5771  
26.6384  25.7436  24.8458  23.9494  23.0253  22.0602  21.0541  20.0159  18.9605  17.9138  16.9146  16.006  15.2235  14.5925  14.1259  13.8206  13.6553  13.5947  13.5942  13.6077  13.5935  13.52  13.3699  13.1426  12.8532  12.5301  12.179  11.8548  11.6192  11.3814  11.2407  
26.5993  25.7751  24.951  24.11  23.2174  22.2568  21.2285  20.1442  19.0252  17.9055  16.8338  15.8625  15.0353  14.3826  13.9195  13.6419  13.5249  13.5271  13.5965  13.6785  13.723  13.6913  13.5608  13.3281  13.0086  12.6335  12.2148  11.8155  11.5067  11.205  11.0259  
26.5993  25.7997  24.9971  24.1719  23.2874  22.3264  21.2889  20.1881  19.0471  17.9027  16.8066  15.8143  14.9721  14.3121  13.8505  13.5829  13.4832  13.5079  13.6021  13.7082  13.7732  13.7557  13.6316  13.3964  13.0659  12.673  12.2314  11.8072  11.4745  11.1529  10.9603  
